## criterion bg1_dur(sec) fg_dur(sec) bg2_dur(sec) elapse_dur(sec) qd1 qd2 qd3 qd4 energy_band sigma_square t_skip(sec) disable_flag(0:disable;1:enable)
## Long Triggers
20 5.120000 0.128000 0.000000 0.768000 1 1 0 0 3 63 0 1
21 5.120000 0.128000 0.000000 0.768000 0 0 1 1 3 62 0 1
22 5.120000 0.128000 0.000000 0.768000 1 0 1 0 3 61 0 1
23 5.120000 0.128000 0.000000 0.768000 0 1 0 1 3 73 0 1
24 5.120000 0.256000 0.000000 1.088000 1 1 0 0 3 52 0 1
25 5.120000 0.256000 0.000000 1.088000 0 0 1 1 3 52 0 1
26 5.120000 0.256000 0.000000 1.088000 1 0 1 0 3 56 0 1
27 5.120000 0.256000 0.000000 1.088000 0 1 0 1 3 54 0 1
28 5.120000 0.512000 0.000000 1.600000 1 1 0 0 3 46 0 1
29 5.120000 0.512000 0.000000 1.600000 0 0 1 1 3 44 0 1
30 5.120000 0.512000 0.000000 1.600000 1 0 1 0 3 49 0 1
31 5.120000 0.512000 0.000000 1.600000 0 1 0 1 3 51 0 1
32 5.120000 0.128000 0.000000 0.768000 1 1 0 0 2 36 0 1
33 5.120000 0.128000 0.000000 0.768000 0 0 1 1 2 35 0 1
34 5.120000 0.128000 0.000000 0.768000 1 0 1 0 2 34 0 1
35 5.120000 0.128000 0.000000 0.768000 0 1 0 1 2 36 0 1
36 5.120000 0.256000 0.000000 1.088000 1 1 0 0 2 34 0 1
37 5.120000 0.256000 0.000000 1.088000 0 0 1 1 2 35 0 1
38 5.120000 0.256000 0.000000 1.088000 1 0 1 0 2 34 0 1
39 5.120000 0.256000 0.000000 1.088000 0 1 0 1 2 33 0 1
40 5.120000 0.512000 0.000000 1.600000 1 1 0 0 2 32 0 1
41 5.120000 0.512000 0.000000 1.600000 0 0 1 1 2 35 0 1
42 5.120000 0.512000 0.000000 1.600000 1 0 1 0 2 33 0 1
43 5.120000 0.512000 0.000000 1.600000 0 1 0 1 2 33 0 1
44 5.120000 0.512000 0.000000 1.600000 1 0 0 0 2 32 0 1
45 5.120000 0.512000 0.000000 1.600000 0 1 0 0 2 30 0 1
46 5.120000 0.512000 0.000000 1.600000 0 0 1 0 2 32 0 1
47 5.120000 0.512000 0.000000 1.600000 0 0 0 1 2 31 0 1
48 5.120000 0.128000 0.000000 0.768000 1 1 0 0 0 42 0 1
49 5.120000 0.128000 0.000000 0.768000 0 0 1 1 0 38 0 1
50 5.120000 0.128000 0.000000 0.768000 1 0 1 0 0 37 0 1
51 5.120000 0.128000 0.000000 0.768000 0 1 0 1 0 38 0 1
52 5.120000 0.256000 0.000000 1.088000 1 1 0 0 0 39 0 1
53 5.120000 0.256000 0.000000 1.088000 0 0 1 1 0 40 0 1
54 5.120000 0.256000 0.000000 1.088000 1 0 1 0 0 39 0 1
55 5.120000 0.256000 0.000000 1.088000 0 1 0 1 0 40 0 1
56 5.120000 0.512000 0.000000 1.600000 1 1 0 0 0 41 0 1
57 5.120000 0.512000 0.000000 1.600000 0 0 1 1 0 40 0 1
58 5.120000 0.512000 0.000000 1.600000 1 0 1 0 0 38 0 1
59 5.120000 0.512000 0.000000 1.600000 0 1 0 1 0 38 0 1
60 5.120000 0.128000 0.000000 0.768000 1 1 0 0 1 38 0 1
61 5.120000 0.128000 0.000000 0.768000 0 0 1 1 1 37 0 1
62 5.120000 0.128000 0.000000 0.768000 1 0 1 0 1 39 0 1
63 5.120000 0.128000 0.000000 0.768000 0 1 0 1 1 37 0 1
64 5.120000 0.256000 0.000000 1.088000 1 1 0 0 1 36 0 1
65 5.120000 0.256000 0.000000 1.088000 0 0 1 1 1 40 0 1
66 5.120000 0.256000 0.000000 1.088000 1 0 1 0 1 38 0 1
67 5.120000 0.256000 0.000000 1.088000 0 1 0 1 1 38 0 1
68 5.120000 0.512000 0.000000 1.600000 1 1 0 0 1 48 0 1
69 5.120000 0.512000 0.000000 1.600000 0 0 1 1 1 41 0 1
70 5.120000 0.512000 0.000000 1.600000 1 0 1 0 1 44 0 1
71 5.120000 0.512000 0.000000 1.600000 0 1 0 1 1 38 0 1
72 5.120000 0.512000 0.000000 1.600000 1 0 0 0 1 40 0 1
73 5.120000 0.512000 0.000000 1.600000 0 1 0 0 1 37 0 1
74 5.120000 0.512000 0.000000 1.600000 0 0 1 0 1 37 0 1
75 5.120000 0.512000 0.000000 1.600000 0 0 0 1 1 35 0 1
76 5.120000 0.128000 2.560000 0.768000 1 1 0 0 3 58 0 1
77 5.120000 0.128000 2.560000 0.768000 0 0 1 1 3 60 0 1
78 5.120000 0.128000 2.560000 0.768000 1 0 1 0 3 55 0 1
79 5.120000 0.128000 2.560000 0.768000 0 1 0 1 3 70 0 1
80 5.120000 0.256000 2.560000 1.088000 1 1 0 0 3 44 0 1
81 5.120000 0.256000 2.560000 1.088000 0 0 1 1 3 45 0 1
82 5.120000 0.256000 2.560000 1.088000 1 0 1 0 3 48 0 1
83 5.120000 0.256000 2.560000 1.088000 0 1 0 1 3 54 0 1
84 5.120000 0.128000 2.560000 0.768000 1 1 0 0 2 37 0 1
85 5.120000 0.128000 2.560000 0.768000 0 0 1 1 2 37 0 1
86 5.120000 0.128000 2.560000 0.768000 1 0 1 0 2 34 0 1
87 5.120000 0.128000 2.560000 0.768000 0 1 0 1 2 37 0 1
88 5.120000 0.256000 2.560000 1.088000 1 1 0 0 2 33 0 1
89 5.120000 0.256000 2.560000 1.088000 0 0 1 1 2 33 0 1
90 5.120000 0.256000 2.560000 1.088000 1 0 1 0 2 34 0 1
91 5.120000 0.256000 2.560000 1.088000 0 1 0 1 2 33 0 1
92 5.120000 0.256000 2.560000 1.088000 1 0 0 0 2 31 0 1
93 5.120000 0.256000 2.560000 1.088000 0 1 0 0 2 34 0 1
94 5.120000 0.256000 2.560000 1.088000 0 0 1 0 2 34 0 1
95 5.120000 0.256000 2.560000 1.088000 0 0 0 1 2 31 0 1
96 5.120000 0.128000 2.560000 0.768000 1 1 0 0 0 41 0 1
97 5.120000 0.128000 2.560000 0.768000 0 0 1 1 0 40 0 1
98 5.120000 0.128000 2.560000 0.768000 1 0 1 0 0 39 0 1
99 5.120000 0.128000 2.560000 0.768000 0 1 0 1 0 36 0 1
100 5.120000 0.256000 2.560000 1.088000 1 1 0 0 0 43 0 1
101 5.120000 0.256000 2.560000 1.088000 0 0 1 1 0 35 0 1
102 5.120000 0.256000 2.560000 1.088000 1 0 1 0 0 38 0 1
103 5.120000 0.256000 2.560000 1.088000 0 1 0 1 0 39 0 1
104 5.120000 0.128000 2.560000 0.768000 1 1 0 0 1 42 0 1
105 5.120000 0.128000 2.560000 0.768000 0 0 1 1 1 38 0 1
106 5.120000 0.128000 2.560000 0.768000 1 0 1 0 1 39 0 1
107 5.120000 0.128000 2.560000 0.768000 0 1 0 1 1 38 0 1
108 5.120000 0.256000 2.560000 1.088000 1 1 0 0 1 39 0 1
109 5.120000 0.256000 2.560000 1.088000 0 0 1 1 1 35 0 1
110 5.120000 0.256000 2.560000 1.088000 1 0 1 0 1 40 0 1
111 5.120000 0.256000 2.560000 1.088000 0 1 0 1 1 39 0 1
112 5.120000 0.256000 2.560000 1.088000 1 0 0 0 1 35 0 1
113 5.120000 0.256000 2.560000 1.088000 0 1 0 0 1 36 0 1
114 5.120000 0.256000 2.560000 1.088000 0 0 1 0 1 32 0 1
115 5.120000 0.256000 2.560000 1.088000 0 0 0 1 1 33 0 1
116 5.120000 0.128000 0.000000 0.768000 1 1 1 1 0 41 0 1
117 5.120000 0.256000 0.000000 1.088000 1 1 1 1 0 46 0 1
118 5.120000 0.512000 0.000000 1.600000 1 1 1 1 0 66 0 1
119 5.120000 0.128000 0.000000 0.768000 1 1 1 1 1 44 0 1
120 5.120000 0.256000 0.000000 1.088000 1 1 1 1 1 51 0 1
121 5.120000 0.512000 0.000000 1.600000 1 1 1 1 1 63 0 1
122 5.120000 0.128000 0.000000 0.768000 1 1 1 1 2 39 0 1
123 5.120000 0.256000 0.000000 1.088000 1 1 1 1 2 38 0 1
124 5.120000 0.512000 0.000000 1.600000 1 1 1 1 2 39 0 1
125 5.120000 0.128000 0.000000 0.768000 1 1 1 1 3 102 0 1
126 5.120000 0.256000 0.000000 1.088000 1 1 1 1 3 80 0 1
127 5.120000 0.512000 0.000000 1.600000 1 1 1 1 3 66 0 1
128 10.240000 1.024000 0.000000 3.200000 1 1 1 1 0 75 0 1
129 10.240000 1.024000 0.000000 3.200000 1 1 0 0 0 57 0 1
130 10.240000 1.024000 0.000000 3.200000 0 0 1 1 0 44 0 1
131 10.240000 1.024000 0.000000 3.200000 1 0 1 0 0 47 0 1
132 10.240000 1.024000 0.000000 3.200000 0 1 0 1 0 46 0 1
133 10.240000 1.024000 0.000000 3.200000 1 0 0 0 0 44 0 1
134 10.240000 1.024000 0.000000 3.200000 0 1 0 0 0 38 0 1
135 10.240000 1.024000 0.000000 3.200000 0 0 1 0 0 35 0 1
136 10.240000 1.024000 0.000000 3.200000 0 0 0 1 0 34 0 1
137 10.240000 1.024000 0.000000 3.200000 1 1 1 1 1 94 0 1
138 10.240000 1.024000 0.000000 3.200000 1 1 0 0 1 68 0 1
139 10.240000 1.024000 0.000000 3.200000 0 0 1 1 1 58 0 1
140 10.240000 1.024000 0.000000 3.200000 1 0 1 0 1 53 0 1
141 10.240000 1.024000 0.000000 3.200000 0 1 0 1 1 56 0 1
142 10.240000 1.024000 0.000000 3.200000 1 0 0 0 1 40 0 1
143 10.240000 1.024000 0.000000 3.200000 0 1 0 0 1 47 0 1
144 10.240000 1.024000 0.000000 3.200000 0 0 1 0 1 36 0 1
145 10.240000 1.024000 0.000000 3.200000 0 0 0 1 1 42 0 1
146 10.240000 1.024000 0.000000 3.200000 1 1 1 1 2 44 0 1
147 10.240000 1.024000 0.000000 3.200000 1 1 0 0 2 41 0 1
148 10.240000 1.024000 0.000000 3.200000 0 0 1 1 2 38 0 1
149 10.240000 1.024000 0.000000 3.200000 1 0 1 0 2 37 0 1
150 10.240000 1.024000 0.000000 3.200000 0 1 0 1 2 40 0 1
151 10.240000 1.024000 0.000000 3.200000 1 0 0 0 2 37 0 1
152 10.240000 1.024000 0.000000 3.200000 0 1 0 0 2 38 0 1
153 10.240000 1.024000 0.000000 3.200000 0 0 1 0 2 32 0 1
154 10.240000 1.024000 0.000000 3.200000 0 0 0 1 2 35 0 1
155 10.240000 1.024000 0.000000 3.200000 1 1 1 1 3 62 0 1
156 10.240000 1.024000 0.000000 3.200000 1 1 0 0 3 52 0 1
157 10.240000 1.024000 0.000000 3.200000 0 0 1 1 3 49 0 1
158 10.240000 1.024000 0.000000 3.200000 1 0 1 0 3 48 0 1
159 10.240000 1.024000 0.000000 3.200000 0 1 0 1 3 43 0 1
160 10.240000 1.024000 0.000000 3.200000 1 0 0 0 3 41 0 1
161 10.240000 1.024000 0.000000 3.200000 0 1 0 0 3 46 0 1
162 10.240000 1.024000 0.000000 3.200000 0 0 1 0 3 44 0 1
163 10.240000 1.024000 0.000000 3.200000 0 0 0 1 3 41 0 1
164 5.120000 0.512000 2.560000 1.600000 1 1 0 0 0 42 0 1
165 5.120000 0.512000 2.560000 1.600000 0 0 1 1 0 37 0 1
166 5.120000 0.512000 2.560000 1.600000 1 0 1 0 0 40 0 1
167 5.120000 0.512000 2.560000 1.600000 0 1 0 1 0 37 0 1
168 5.120000 0.512000 2.560000 1.600000 1 0 0 0 0 33 0 1
169 5.120000 0.512000 2.560000 1.600000 0 1 0 0 0 39 0 1
170 5.120000 0.512000 2.560000 1.600000 0 0 1 0 0 37 0 1
171 5.120000 0.512000 2.560000 1.600000 0 0 0 1 0 30 0 1
172 5.120000 0.512000 2.560000 1.600000 1 1 0 0 1 38 0 1
173 5.120000 0.512000 2.560000 1.600000 0 0 1 1 1 33 0 1
174 5.120000 0.512000 2.560000 1.600000 1 0 1 0 1 38 0 1
175 5.120000 0.512000 2.560000 1.600000 0 1 0 1 1 34 0 1
176 5.120000 0.512000 2.560000 1.600000 1 0 0 0 1 36 0 1
177 5.120000 0.512000 2.560000 1.600000 0 1 0 0 1 36 0 1
178 5.120000 0.512000 2.560000 1.600000 0 0 1 0 1 32 0 1
179 5.120000 0.512000 2.560000 1.600000 0 0 0 1 1 29 0 1
180 5.120000 0.512000 2.560000 1.600000 1 1 0 0 2 30 0 1
181 5.120000 0.512000 2.560000 1.600000 0 0 1 1 2 34 0 1
182 5.120000 0.512000 2.560000 1.600000 1 0 1 0 2 32 0 1
183 5.120000 0.512000 2.560000 1.600000 0 1 0 1 2 31 0 1
184 5.120000 0.512000 2.560000 1.600000 1 0 0 0 2 32 0 1
185 5.120000 0.512000 2.560000 1.600000 0 1 0 0 2 32 0 1
186 5.120000 0.512000 2.560000 1.600000 0 0 1 0 2 31 0 1
187 5.120000 0.512000 2.560000 1.600000 0 0 0 1 2 31 0 1
188 5.120000 0.512000 2.560000 1.600000 1 1 0 0 3 48 0 1
189 5.120000 0.512000 2.560000 1.600000 0 0 1 1 3 40 0 1
190 5.120000 0.512000 2.560000 1.600000 1 0 1 0 3 36 0 1
191 5.120000 0.512000 2.560000 1.600000 0 1 0 1 3 43 0 1
192 5.120000 0.512000 2.560000 1.600000 1 0 0 0 3 38 0 1
193 5.120000 0.512000 2.560000 1.600000 0 1 0 0 3 39 0 1
194 5.120000 0.512000 2.560000 1.600000 0 0 1 0 3 38 0 1
195 5.120000 0.512000 2.560000 1.600000 0 0 0 1 3 39 0 1
196 5.120000 0.128000 2.560000 0.768000 1 1 1 1 0 42 0 1
197 5.120000 0.256000 2.560000 1.088000 1 1 1 1 0 42 0 1
198 5.120000 0.512000 2.560000 1.600000 1 1 1 1 0 44 0 1
199 5.120000 0.128000 2.560000 0.768000 1 1 1 1 1 39 0 1
200 5.120000 0.256000 2.560000 1.088000 1 1 1 1 1 42 0 1
201 5.120000 0.512000 2.560000 1.600000 1 1 1 1 1 38 0 1
202 5.120000 0.128000 2.560000 0.768000 1 1 1 1 2 38 0 1
203 5.120000 0.256000 2.560000 1.088000 1 1 1 1 2 33 0 1
204 5.120000 0.512000 2.560000 1.600000 1 1 1 1 2 35 0 1
205 5.120000 0.128000 2.560000 0.768000 1 1 1 1 3 87 0 1
206 5.120000 0.256000 2.560000 1.088000 1 1 1 1 3 68 0 1
207 5.120000 0.512000 2.560000 1.600000 1 1 1 1 3 48 0 1
208 10.240000 1.024000 5.120000 3.200000 1 1 1 1 0 44 0 1
209 10.240000 1.024000 5.120000 3.200000 1 1 0 0 0 40 0 1
210 10.240000 1.024000 5.120000 3.200000 0 0 1 1 0 32 0 1
211 10.240000 1.024000 5.120000 3.200000 1 0 1 0 0 34 0 1
212 10.240000 1.024000 5.120000 3.200000 0 1 0 1 0 38 0 1
213 10.240000 1.024000 5.120000 3.200000 1 0 0 0 0 35 0 1
214 10.240000 1.024000 5.120000 3.200000 0 1 0 0 0 35 0 1
215 10.240000 1.024000 5.120000 3.200000 0 0 1 0 0 31 0 1
216 10.240000 1.024000 5.120000 3.200000 0 0 0 1 0 31 0 1
217 10.240000 1.024000 5.120000 3.200000 1 1 1 1 1 44 0 1
218 10.240000 1.024000 5.120000 3.200000 1 1 0 0 1 38 0 1
219 10.240000 1.024000 5.120000 3.200000 0 0 1 1 1 35 0 1
220 10.240000 1.024000 5.120000 3.200000 1 0 1 0 1 36 0 1
221 10.240000 1.024000 5.120000 3.200000 0 1 0 1 1 38 0 1
222 10.240000 1.024000 5.120000 3.200000 1 0 0 0 1 33 0 1
223 10.240000 1.024000 5.120000 3.200000 0 1 0 0 1 36 0 1
224 10.240000 1.024000 5.120000 3.200000 0 0 1 0 1 32 0 1
225 10.240000 1.024000 5.120000 3.200000 0 0 0 1 1 29 0 1
226 10.240000 1.024000 5.120000 3.200000 1 1 1 1 2 32 0 1
227 10.240000 1.024000 5.120000 3.200000 1 1 0 0 2 33 0 1
228 10.240000 1.024000 5.120000 3.200000 0 0 1 1 2 30 0 1
229 10.240000 1.024000 5.120000 3.200000 1 0 1 0 2 30 0 1
230 10.240000 1.024000 5.120000 3.200000 0 1 0 1 2 31 0 1
231 10.240000 1.024000 5.120000 3.200000 1 0 0 0 2 30 0 1
232 10.240000 1.024000 5.120000 3.200000 0 1 0 0 2 30 0 1
233 10.240000 1.024000 5.120000 3.200000 0 0 1 0 2 28 0 1
234 10.240000 1.024000 5.120000 3.200000 0 0 0 1 2 31 0 1
235 10.240000 1.024000 5.120000 3.200000 1 1 1 1 3 51 0 1
236 10.240000 1.024000 5.120000 3.200000 1 1 0 0 3 40 0 1
237 10.240000 1.024000 5.120000 3.200000 0 0 1 1 3 37 0 1
238 10.240000 1.024000 5.120000 3.200000 1 0 1 0 3 36 0 1
239 10.240000 1.024000 5.120000 3.200000 0 1 0 1 3 41 0 1
240 10.240000 1.024000 5.120000 3.200000 1 0 0 0 3 36 0 1
241 10.240000 1.024000 5.120000 3.200000 0 1 0 0 3 35 0 1
242 10.240000 1.024000 5.120000 3.200000 0 0 1 0 3 36 0 1
243 10.240000 1.024000 5.120000 3.200000 0 0 0 1 3 35 0 1
244 20.480000 2.048000 6.400000 6.464000 1 1 1 1 0 53 0 1
245 20.480000 2.048000 6.400000 6.464000 1 1 0 0 0 36 0 1
246 20.480000 2.048000 6.400000 6.464000 0 0 1 1 0 36 0 1
247 20.480000 2.048000 6.400000 6.464000 1 0 1 0 0 35 0 1
248 20.480000 2.048000 6.400000 6.464000 0 1 0 1 0 31 0 1
249 20.480000 2.048000 6.400000 6.464000 1 0 0 0 0 31 0 1
250 20.480000 2.048000 6.400000 6.464000 0 1 0 0 0 28 0 1
251 20.480000 2.048000 6.400000 6.464000 0 0 1 0 0 31 0 1
252 20.480000 2.048000 6.400000 6.464000 0 0 0 1 0 33 0 1
253 20.480000 2.048000 6.400000 6.464000 1 1 1 1 1 53 0 1
254 20.480000 2.048000 6.400000 6.464000 1 1 0 0 1 39 0 1
255 20.480000 2.048000 6.400000 6.464000 0 0 1 1 1 34 0 1
256 20.480000 2.048000 6.400000 6.464000 1 0 1 0 1 36 0 1
257 20.480000 2.048000 6.400000 6.464000 0 1 0 1 1 38 0 1
258 20.480000 2.048000 6.400000 6.464000 1 0 0 0 1 34 0 1
259 20.480000 2.048000 6.400000 6.464000 0 1 0 0 1 37 0 1
260 20.480000 2.048000 6.400000 6.464000 0 0 1 0 1 33 0 1
261 20.480000 2.048000 6.400000 6.464000 0 0 0 1 1 29 0 1
262 20.480000 2.048000 6.400000 6.464000 1 1 1 1 2 32 0 1
263 20.480000 2.048000 6.400000 6.464000 1 1 0 0 2 32 0 1
264 20.480000 2.048000 6.400000 6.464000 0 0 1 1 2 29 0 1
265 20.480000 2.048000 6.400000 6.464000 1 0 1 0 2 30 0 1
266 20.480000 2.048000 6.400000 6.464000 0 1 0 1 2 31 0 1
267 20.480000 2.048000 6.400000 6.464000 1 0 0 0 2 29 0 1
268 20.480000 2.048000 6.400000 6.464000 0 1 0 0 2 30 0 1
269 20.480000 2.048000 6.400000 6.464000 0 0 1 0 2 27 0 1
270 20.480000 2.048000 6.400000 6.464000 0 0 0 1 2 27 0 1
271 20.480000 2.048000 6.400000 6.464000 1 1 1 1 3 49 0 1
272 20.480000 2.048000 6.400000 6.464000 1 1 0 0 3 38 0 1
273 20.480000 2.048000 6.400000 6.464000 0 0 1 1 3 38 0 1
274 20.480000 2.048000 6.400000 6.464000 1 0 1 0 3 36 0 1
275 20.480000 2.048000 6.400000 6.464000 0 1 0 1 3 40 0 1
276 20.480000 2.048000 6.400000 6.464000 1 0 0 0 3 31 0 1
277 20.480000 2.048000 6.400000 6.464000 0 1 0 0 3 32 0 1
278 20.480000 2.048000 6.400000 6.464000 0 0 1 0 3 34 0 1
279 20.480000 2.048000 6.400000 6.464000 0 0 0 1 3 35 0 1
280 40.960000 4.096000 10.240000 12.928000 1 1 1 1 0 71 0 1
281 40.960000 4.096000 10.240000 12.928000 1 1 0 0 0 54 0 1
282 40.960000 4.096000 10.240000 12.928000 0 0 1 1 0 44 0 1
283 40.960000 4.096000 10.240000 12.928000 1 0 1 0 0 42 0 1
284 40.960000 4.096000 10.240000 12.928000 0 1 0 1 0 52 0 1
285 40.960000 4.096000 10.240000 12.928000 1 0 0 0 0 36 0 1
286 40.960000 4.096000 10.240000 12.928000 0 1 0 0 0 36 0 1
287 40.960000 4.096000 10.240000 12.928000 0 0 1 0 0 28 0 1
288 40.960000 4.096000 10.240000 12.928000 0 0 0 1 0 29 0 1
289 40.960000 4.096000 10.240000 12.928000 1 1 1 1 1 99 0 1
290 40.960000 4.096000 10.240000 12.928000 1 1 0 0 1 68 0 1
291 40.960000 4.096000 10.240000 12.928000 0 0 1 1 1 56 0 1
292 40.960000 4.096000 10.240000 12.928000 1 0 1 0 1 53 0 1
293 40.960000 4.096000 10.240000 12.928000 0 1 0 1 1 61 0 1
294 40.960000 4.096000 10.240000 12.928000 1 0 0 0 1 38 0 1
295 40.960000 4.096000 10.240000 12.928000 0 1 0 0 1 45 0 1
296 40.960000 4.096000 10.240000 12.928000 0 0 1 0 1 31 0 1
297 40.960000 4.096000 10.240000 12.928000 0 0 0 1 1 38 0 1
298 40.960000 4.096000 10.240000 12.928000 1 1 1 1 2 53 0 1
299 40.960000 4.096000 10.240000 12.928000 1 1 0 0 2 42 0 1
300 40.960000 4.096000 10.240000 12.928000 0 0 1 1 2 36 0 1
301 40.960000 4.096000 10.240000 12.928000 1 0 1 0 2 34 0 1
302 40.960000 4.096000 10.240000 12.928000 0 1 0 1 2 39 0 1
303 40.960000 4.096000 10.240000 12.928000 1 0 0 0 2 30 0 1
304 40.960000 4.096000 10.240000 12.928000 0 1 0 0 2 31 0 1
305 40.960000 4.096000 10.240000 12.928000 0 0 1 0 2 35 0 1
306 40.960000 4.096000 10.240000 12.928000 0 0 0 1 2 33 0 1
307 40.960000 4.096000 10.240000 12.928000 1 1 1 1 3 51 0 1
308 40.960000 4.096000 10.240000 12.928000 1 1 0 0 3 45 0 1
309 40.960000 4.096000 10.240000 12.928000 0 0 1 1 3 43 0 1
310 40.960000 4.096000 10.240000 12.928000 1 0 1 0 3 40 0 1
311 40.960000 4.096000 10.240000 12.928000 0 1 0 1 3 46 0 1
312 40.960000 4.096000 10.240000 12.928000 1 0 0 0 3 33 0 1
313 40.960000 4.096000 10.240000 12.928000 0 1 0 0 3 37 0 1
314 40.960000 4.096000 10.240000 12.928000 0 0 1 0 3 35 0 1
315 40.960000 4.096000 10.240000 12.928000 0 0 0 1 3 36 0 1
316 64.000000 8.192000 12.800000 22.848000 1 1 1 1 0 151 0 1
317 64.000000 8.192000 12.800000 22.848000 1 1 0 0 0 96 0 1
318 64.000000 8.192000 12.800000 22.848000 0 0 1 1 0 61 0 1
319 64.000000 8.192000 12.800000 22.848000 1 0 1 0 0 83 0 1
320 64.000000 8.192000 12.800000 22.848000 0 1 0 1 0 93 0 1
321 64.000000 8.192000 12.800000 22.848000 1 0 0 0 0 57 0 1
322 64.000000 8.192000 12.800000 22.848000 0 1 0 0 0 56 0 1
323 64.000000 8.192000 12.800000 22.848000 0 0 1 0 0 36 0 1
324 64.000000 8.192000 12.800000 22.848000 0 0 0 1 0 39 0 1
325 64.000000 8.192000 12.800000 22.848000 1 1 1 1 1 325 0 1
326 64.000000 8.192000 12.800000 22.848000 1 1 0 0 1 211 0 1
327 64.000000 8.192000 12.800000 22.848000 0 0 1 1 1 81 0 1
328 64.000000 8.192000 12.800000 22.848000 1 0 1 0 1 167 0 1
329 64.000000 8.192000 12.800000 22.848000 0 1 0 1 1 188 0 1
330 64.000000 8.192000 12.800000 22.848000 1 0 0 0 1 64 0 1
331 64.000000 8.192000 12.800000 22.848000 0 1 0 0 1 118 0 1
332 64.000000 8.192000 12.800000 22.848000 0 0 1 0 1 52 0 1
333 64.000000 8.192000 12.800000 22.848000 0 0 0 1 1 60 0 1
334 64.000000 8.192000 12.800000 22.848000 1 1 1 1 2 115 0 1
335 64.000000 8.192000 12.800000 22.848000 1 1 0 0 2 82 0 1
336 64.000000 8.192000 12.800000 22.848000 0 0 1 1 2 59 0 1
337 64.000000 8.192000 12.800000 22.848000 1 0 1 0 2 56 0 1
338 64.000000 8.192000 12.800000 22.848000 0 1 0 1 2 73 0 1
339 64.000000 8.192000 12.800000 22.848000 1 0 0 0 2 49 0 1
340 64.000000 8.192000 12.800000 22.848000 0 1 0 0 2 55 0 1
341 64.000000 8.192000 12.800000 22.848000 0 0 1 0 2 40 0 1
342 64.000000 8.192000 12.800000 22.848000 0 0 0 1 2 44 0 1
343 64.000000 8.192000 12.800000 22.848000 1 1 1 1 3 56 0 1
344 64.000000 8.192000 12.800000 22.848000 1 1 0 0 3 41 0 1
345 64.000000 8.192000 12.800000 22.848000 0 0 1 1 3 43 0 1
346 64.000000 8.192000 12.800000 22.848000 1 0 1 0 3 48 0 1
347 64.000000 8.192000 12.800000 22.848000 0 1 0 1 3 42 0 1
348 64.000000 8.192000 12.800000 22.848000 1 0 0 0 3 37 0 1
349 64.000000 8.192000 12.800000 22.848000 0 1 0 0 3 39 0 1
350 64.000000 8.192000 12.800000 22.848000 0 0 1 0 3 39 0 1
351 64.000000 8.192000 12.800000 22.848000 0 0 0 1 3 35 0 1
352 64.000000 16.384000 12.800000 32.320000 1 1 1 1 0 406 0 1
353 64.000000 16.384000 12.800000 32.320000 1 1 0 0 0 215 0 1
354 64.000000 16.384000 12.800000 32.320000 0 0 1 1 0 90 0 1
355 64.000000 16.384000 12.800000 32.320000 1 0 1 0 0 174 0 1
356 64.000000 16.384000 12.800000 32.320000 0 1 0 1 0 224 0 1
357 64.000000 16.384000 12.800000 32.320000 1 0 0 0 0 69 0 1
358 64.000000 16.384000 12.800000 32.320000 0 1 0 0 0 102 0 1
359 64.000000 16.384000 12.800000 32.320000 0 0 1 0 0 50 0 1
360 64.000000 16.384000 12.800000 32.320000 0 0 0 1 0 50 0 1
361 64.000000 16.384000 12.800000 32.320000 1 1 1 1 1 756 0 1
362 64.000000 16.384000 12.800000 32.320000 1 1 0 0 1 391 0 1
363 64.000000 16.384000 12.800000 32.320000 0 0 1 1 1 179 0 1
364 64.000000 16.384000 12.800000 32.320000 1 0 1 0 1 348 0 1
365 64.000000 16.384000 12.800000 32.320000 0 1 0 1 1 422 0 1
366 64.000000 16.384000 12.800000 32.320000 1 0 0 0 1 199 0 1
367 64.000000 16.384000 12.800000 32.320000 0 1 0 0 1 231 0 1
368 64.000000 16.384000 12.800000 32.320000 0 0 1 0 1 82 0 1
369 64.000000 16.384000 12.800000 32.320000 0 0 0 1 1 116 0 1
370 64.000000 16.384000 12.800000 32.320000 1 1 1 1 2 264 0 1
371 64.000000 16.384000 12.800000 32.320000 1 1 0 0 2 176 0 1
372 64.000000 16.384000 12.800000 32.320000 0 0 1 1 2 93 0 1
373 64.000000 16.384000 12.800000 32.320000 1 0 1 0 2 100 0 1
374 64.000000 16.384000 12.800000 32.320000 0 1 0 1 2 149 0 1
375 64.000000 16.384000 12.800000 32.320000 1 0 0 0 2 82 0 1
376 64.000000 16.384000 12.800000 32.320000 0 1 0 0 2 88 0 1
377 64.000000 16.384000 12.800000 32.320000 0 0 1 0 2 44 0 1
378 64.000000 16.384000 12.800000 32.320000 0 0 0 1 2 59 0 1
379 64.000000 16.384000 12.800000 32.320000 1 1 1 1 3 54 0 1
380 64.000000 16.384000 12.800000 32.320000 1 1 0 0 3 44 0 1
381 64.000000 16.384000 12.800000 32.320000 0 0 1 1 3 45 0 1
382 64.000000 16.384000 12.800000 32.320000 1 0 1 0 3 46 0 1
383 64.000000 16.384000 12.800000 32.320000 0 1 0 1 3 43 0 1
384 64.000000 16.384000 12.800000 32.320000 1 0 0 0 3 40 0 1
385 64.000000 16.384000 12.800000 32.320000 0 1 0 0 3 38 0 1
386 64.000000 16.384000 12.800000 32.320000 0 0 1 0 3 41 0 1
387 64.000000 16.384000 12.800000 32.320000 0 0 0 1 3 37 0 1
## Short Triggers
10000 1.024 0.004 0.0 0.256 1 1 1 1 0 49 0 1
10001 1.024 0.004 0.0 0.256 1 1 0 0 0 49 0 1
10002 1.024 0.004 0.0 0.256 0 0 1 1 0 49 0 1
10003 1.024 0.004 0.0 0.256 1 0 1 0 0 49 0 1
10004 1.024 0.004 0.0 0.256 0 1 0 1 0 49 0 1
10005 1.024 0.004 0.0 0.256 1 0 0 0 0 49 0 1
10006 1.024 0.004 0.0 0.256 0 1 0 0 0 49 0 1
10007 1.024 0.004 0.0 0.256 0 0 1 0 0 49 0 1
10008 1.024 0.004 0.0 0.256 0 0 0 1 0 49 0 1
10009 1.024 0.004 0.0 0.256 1 1 1 1 1 49 0 1
10010 1.024 0.004 0.0 0.256 1 1 0 0 1 49 0 1
10011 1.024 0.004 0.0 0.256 0 0 1 1 1 49 0 1
10012 1.024 0.004 0.0 0.256 1 0 1 0 1 49 0 1
10013 1.024 0.004 0.0 0.256 0 1 0 1 1 49 0 1
10014 1.024 0.004 0.0 0.256 1 0 0 0 1 49 0 1
10015 1.024 0.004 0.0 0.256 0 1 0 0 1 49 0 1
10016 1.024 0.004 0.0 0.256 0 0 1 0 1 49 0 1
10017 1.024 0.004 0.0 0.256 0 0 0 1 1 49 0 1
10018 1.024 0.004 0.0 0.256 1 1 1 1 2 49 0 1
10019 1.024 0.004 0.0 0.256 1 1 0 0 2 49 0 0
10020 1.024 0.004 0.0 0.256 0 0 1 1 2 49 0 0  
10021 1.024 0.004 0.0 0.256 1 0 1 0 2 49 0 0
10022 1.024 0.004 0.0 0.256 0 1 0 1 2 49 0 0
10023 1.024 0.004 0.0 0.256 1 0 0 0 2 49 0 0
10024 1.024 0.004 0.0 0.256 0 1 0 0 2 49 0 0
10025 1.024 0.004 0.0 0.256 0 0 1 0 2 49 0 0
10026 1.024 0.004 0.0 0.256 0 0 0 1 2 49 0 0
10027 1.024 0.004 0.0 0.256 1 1 1 1 3 49 0 0
10028 1.024 0.004 0.0 0.256 1 1 0 0 3 49 0 0
10029 1.024 0.004 0.0 0.256 0 0 1 1 3 49 0 0
10030 1.024 0.004 0.0 0.256 1 0 1 0 3 49 0 0
10031 1.024 0.004 0.0 0.256 0 1 0 1 3 49 0 0
10032 1.024 0.004 0.0 0.256 1 0 0 0 3 49 0 0
10033 1.024 0.004 0.0 0.256 0 1 0 0 3 49 0 0
10034 1.024 0.004 0.0 0.256 0 0 1 0 3 49 0 0
10035 1.024 0.004 0.0 0.256 0 0 0 1 3 49 0 0
10100 1.024 0.008 0.0 0.256 1 1 1 1 0 49 0 1
10101 1.024 0.008 0.0 0.256 1 1 0 0 0 49 0 1
10102 1.024 0.008 0.0 0.256 0 0 1 1 0 49 0 1
10103 1.024 0.008 0.0 0.256 1 0 1 0 0 49 0 1
10104 1.024 0.008 0.0 0.256 0 1 0 1 0 49 0 1
10105 1.024 0.008 0.0 0.256 1 0 0 0 0 49 0 1
10106 1.024 0.008 0.0 0.256 0 1 0 0 0 49 0 1
10107 1.024 0.008 0.0 0.256 0 0 1 0 0 49 0 1
10108 1.024 0.008 0.0 0.256 0 0 0 1 0 49 0 1
10109 1.024 0.008 0.0 0.256 1 1 1 1 1 49 0 1
10110 1.024 0.008 0.0 0.256 1 1 0 0 1 49 0 1
10111 1.024 0.008 0.0 0.256 0 0 1 1 1 49 0 1
10112 1.024 0.008 0.0 0.256 1 0 1 0 1 49 0 1
10113 1.024 0.008 0.0 0.256 0 1 0 1 1 49 0 1
10114 1.024 0.008 0.0 0.256 1 0 0 0 1 49 0 1
10115 1.024 0.008 0.0 0.256 0 1 0 0 1 49 0 1
10116 1.024 0.008 0.0 0.256 0 0 1 0 1 49 0 1
10117 1.024 0.008 0.0 0.256 0 0 0 1 1 49 0 1
10118 1.024 0.008 0.0 0.256 1 1 1 1 2 49 0 1
10119 1.024 0.008 0.0 0.256 1 1 0 0 2 49 0 0
10120 1.024 0.008 0.0 0.256 0 0 1 1 2 49 0 0
10121 1.024 0.008 0.0 0.256 1 0 1 0 2 49 0 0
10122 1.024 0.008 0.0 0.256 0 1 0 1 2 49 0 0
10123 1.024 0.008 0.0 0.256 1 0 0 0 2 49 0 0
10124 1.024 0.008 0.0 0.256 0 1 0 0 2 49 0 0
10125 1.024 0.008 0.0 0.256 0 0 1 0 2 49 0 0
10126 1.024 0.008 0.0 0.256 0 0 0 1 2 49 0 0
10127 1.024 0.008 0.0 0.256 1 1 1 1 3 49 0 0
10128 1.024 0.008 0.0 0.256 1 1 0 0 3 49 0 0
10129 1.024 0.008 0.0 0.256 0 0 1 1 3 49 0 0
10130 1.024 0.008 0.0 0.256 1 0 1 0 3 49 0 0
10131 1.024 0.008 0.0 0.256 0 1 0 1 3 49 0 0
10132 1.024 0.008 0.0 0.256 1 0 0 0 3 49 0 0
10133 1.024 0.008 0.0 0.256 0 1 0 0 3 49 0 0
10134 1.024 0.008 0.0 0.256 0 0 1 0 3 49 0 0
10135 1.024 0.008 0.0 0.256 0 0 0 1 3 49 0 0
10200 1.024 0.016 0.0 0.256 1 1 1 1 0 45 0 1
10201 1.024 0.016 0.0 0.256 1 1 0 0 0 45 0 1
10202 1.024 0.016 0.0 0.256 0 0 1 1 0 45 0 1
10203 1.024 0.016 0.0 0.256 1 0 1 0 0 45 0 1
10204 1.024 0.016 0.0 0.256 0 1 0 1 0 45 0 1
10205 1.024 0.016 0.0 0.256 1 0 0 0 0 45 0 1
10206 1.024 0.016 0.0 0.256 0 1 0 0 0 45 0 1
10207 1.024 0.016 0.0 0.256 0 0 1 0 0 45 0 1
10208 1.024 0.016 0.0 0.256 0 0 0 1 0 45 0 1
10209 1.024 0.016 0.0 0.256 1 1 1 1 1 45 0 1
10210 1.024 0.016 0.0 0.256 1 1 0 0 1 45 0 1
10211 1.024 0.016 0.0 0.256 0 0 1 1 1 45 0 1
10212 1.024 0.016 0.0 0.256 1 0 1 0 1 45 0 1
10213 1.024 0.016 0.0 0.256 0 1 0 1 1 45 0 1
10214 1.024 0.016 0.0 0.256 1 0 0 0 1 45 0 1
10215 1.024 0.016 0.0 0.256 0 1 0 0 1 45 0 1
10216 1.024 0.016 0.0 0.256 0 0 1 0 1 45 0 1
10217 1.024 0.016 0.0 0.256 0 0 0 1 1 45 0 1
10218 1.024 0.016 0.0 0.256 1 1 1 1 2 45 0 1
10219 1.024 0.016 0.0 0.256 1 1 0 0 2 45 0 0
10220 1.024 0.016 0.0 0.256 0 0 1 1 2 45 0 0
10221 1.024 0.016 0.0 0.256 1 0 1 0 2 45 0 0
10222 1.024 0.016 0.0 0.256 0 1 0 1 2 45 0 0
10223 1.024 0.016 0.0 0.256 1 0 0 0 2 45 0 0
10224 1.024 0.016 0.0 0.256 0 1 0 0 2 45 0 0
10225 1.024 0.016 0.0 0.256 0 0 1 0 2 45 0 0
10226 1.024 0.016 0.0 0.256 0 0 0 1 2 45 0 0
10227 1.024 0.016 0.0 0.256 1 1 1 1 3 45 0 0
10228 1.024 0.016 0.0 0.256 1 1 0 0 3 45 0 0
10229 1.024 0.016 0.0 0.256 0 0 1 1 3 45 0 0
10230 1.024 0.016 0.0 0.256 1 0 1 0 3 45 0 0
10231 1.024 0.016 0.0 0.256 0 1 0 1 3 45 0 0
10232 1.024 0.016 0.0 0.256 1 0 0 0 3 45 0 0
10233 1.024 0.016 0.0 0.256 0 1 0 0 3 45 0 0
10234 1.024 0.016 0.0 0.256 0 0 1 0 3 45 0 0
10235 1.024 0.016 0.0 0.256 0 0 0 1 3 45 0 0
10300 1.024 0.032 0.0 0.256 1 1 1 1 0 40 0 1
10301 1.024 0.032 0.0 0.256 1 1 0 0 0 40 0 1
10302 1.024 0.032 0.0 0.256 0 0 1 1 0 40 0 1
10303 1.024 0.032 0.0 0.256 1 0 1 0 0 40 0 1
10304 1.024 0.032 0.0 0.256 0 1 0 1 0 40 0 1
10305 1.024 0.032 0.0 0.256 1 0 0 0 0 40 0 1
10306 1.024 0.032 0.0 0.256 0 1 0 0 0 40 0 1
10307 1.024 0.032 0.0 0.256 0 0 1 0 0 40 0 1
10308 1.024 0.032 0.0 0.256 0 0 0 1 0 40 0 1
10309 1.024 0.032 0.0 0.256 1 1 1 1 1 40 0 1
10310 1.024 0.032 0.0 0.256 1 1 0 0 1 40 0 1
10311 1.024 0.032 0.0 0.256 0 0 1 1 1 40 0 1
10312 1.024 0.032 0.0 0.256 1 0 1 0 1 40 0 1
10313 1.024 0.032 0.0 0.256 0 1 0 1 1 40 0 1
10314 1.024 0.032 0.0 0.256 1 0 0 0 1 40 0 1
10315 1.024 0.032 0.0 0.256 0 1 0 0 1 40 0 1
10316 1.024 0.032 0.0 0.256 0 0 1 0 1 40 0 1
10317 1.024 0.032 0.0 0.256 0 0 0 1 1 40 0 1
10318 1.024 0.032 0.0 0.256 1 1 1 1 2 40 0 1
10319 1.024 0.032 0.0 0.256 1 1 0 0 2 40 0 1
10320 1.024 0.032 0.0 0.256 0 0 1 1 2 40 0 1
10321 1.024 0.032 0.0 0.256 1 0 1 0 2 40 0 1
10322 1.024 0.032 0.0 0.256 0 1 0 1 2 40 0 1
10323 1.024 0.032 0.0 0.256 1 0 0 0 2 40 0 1
10324 1.024 0.032 0.0 0.256 0 1 0 0 2 40 0 1
10325 1.024 0.032 0.0 0.256 0 0 1 0 2 40 0 1
10326 1.024 0.032 0.0 0.256 0 0 0 1 2 40 0 1
10327 1.024 0.032 0.0 0.256 1 1 1 1 3 40 0 1
10328 1.024 0.032 0.0 0.256 1 1 0 0 3 64 0 0
10329 1.024 0.032 0.0 0.256 0 0 1 1 3 64 0 0
10330 1.024 0.032 0.0 0.256 1 0 1 0 3 64 0 0
10331 1.024 0.032 0.0 0.256 0 1 0 1 3 64 0 0
10332 1.024 0.032 0.0 0.256 1 0 0 0 3 64 0 0
10333 1.024 0.032 0.0 0.256 0 1 0 0 3 64 0 0
10334 1.024 0.032 0.0 0.256 0 0 1 0 3 64 0 0
10335 1.024 0.032 0.0 0.256 0 0 0 1 3 64 0 0
10400 1.024 0.064 0.0 0.256 1 1 1 1 0 36 0 1
10401 1.024 0.064 0.0 0.256 1 1 0 0 0 36 0 1
10402 1.024 0.064 0.0 0.256 0 0 1 1 0 36 0 1
10403 1.024 0.064 0.0 0.256 1 0 1 0 0 36 0 1
10404 1.024 0.064 0.0 0.256 0 1 0 1 0 36 0 1
10405 1.024 0.064 0.0 0.256 1 0 0 0 0 36 0 1
10406 1.024 0.064 0.0 0.256 0 1 0 0 0 36 0 1
10407 1.024 0.064 0.0 0.256 0 0 1 0 0 36 0 1
10408 1.024 0.064 0.0 0.256 0 0 0 1 0 36 0 1
10409 1.024 0.064 0.0 0.256 1 1 1 1 1 36 0 1
10410 1.024 0.064 0.0 0.256 1 1 0 0 1 36 0 1
10411 1.024 0.064 0.0 0.256 0 0 1 1 1 36 0 1
10412 1.024 0.064 0.0 0.256 1 0 1 0 1 36 0 1
10413 1.024 0.064 0.0 0.256 0 1 0 1 1 36 0 1
10414 1.024 0.064 0.0 0.256 1 0 0 0 1 36 0 1
10415 1.024 0.064 0.0 0.256 0 1 0 0 1 36 0 1
10416 1.024 0.064 0.0 0.256 0 0 1 0 1 36 0 1
10417 1.024 0.064 0.0 0.256 0 0 0 1 1 36 0 1
10418 1.024 0.064 0.0 0.256 1 1 1 1 2 36 0 1
10419 1.024 0.064 0.0 0.256 1 1 0 0 2 36 0 1
10420 1.024 0.064 0.0 0.256 0 0 1 1 2 36 0 1
10421 1.024 0.064 0.0 0.256 1 0 1 0 2 36 0 1
10422 1.024 0.064 0.0 0.256 0 1 0 1 2 36 0 1
10423 1.024 0.064 0.0 0.256 1 0 0 0 2 36 0 1
10424 1.024 0.064 0.0 0.256 0 1 0 0 2 36 0 1
10425 1.024 0.064 0.0 0.256 0 0 1 0 2 36 0 1
10426 1.024 0.064 0.0 0.256 0 0 0 1 2 36 0 1
10427 1.024 0.064 0.0 0.256 1 1 1 1 3 36 0 1
10428 1.024 0.064 0.0 0.256 1 1 0 0 3 64 0 1
10429 1.024 0.064 0.0 0.256 0 0 1 1 3 64 0 1
10430 1.024 0.064 0.0 0.256 1 0 1 0 3 64 0 1
10431 1.024 0.064 0.0 0.256 0 1 0 1 3 64 0 1
10432 1.024 0.064 0.0 0.256 1 0 0 0 3 64 0 1
10433 1.024 0.064 0.0 0.256 0 1 0 0 3 64 0 1
10434 1.024 0.064 0.0 0.256 0 0 1 0 3 64 0 1
10435 1.024 0.064 0.0 0.256 0 0 0 1 3 64 0 1
## Image Triggers
# 20064 64.0 64.0 0 32.0 1 1 1 1 1 100 64.0 1
# 20072 72.0 72.0 0 32.0 1 1 1 1 1 100 72.0 1
# 20088 88.0 88.0 0 32.0 1 1 1 1 1 100 88.0 1
# 20120 120.0 120.0 0 32.0 1 1 1 1 1 100 120.0 1
# 20128 128.0 128.0 0 32.0 1 1 1 1 1 100 128.0 1
# 20168 168.0 168.0 0 32.0 1 1 1 1 1 100 168.0 1
# 20192 192.0 192.0 0 32.0 1 1 1 1 1 100 192.0 1
# 20320 320.0 320.0 0 32.0 1 1 1 1 1 100 320.0 1
